1.709810000000000052e+00
3.971999999999999836e-02
-4.299999999999999894e-04
-2.203770000000000007e+00
-5.987000000000000099e+00
3.770000000000000018e+00
-4.316400000000000237e-01
1.815500000000000100e-02
-1.207000000000000087e-02
2.118999999999999790e-03
2.455799999999999983e+00
-1.531099999999999905e+00
3.500000000000000000e+00
-5.639800000000000146e+00
1.021090000000000053e+01
2.312199999999999811e+00
4.560800000000000409e+00
-2.392399999999999860e+00
5.332399999999999807e+00
-1.204940000000000033e+01
1.020739999999999981e+01
-2.264200000000000212e+00
3.005900000000000016e+00
2.070000000000000000e+02
-5.633700999999999794e+02
-8.379999999999999949e-02
2.881699999999999928e+00
3.365100000000000335e+01
1.817000000000000000e+03
8.470000000000000098e-03
1.030000000000000013e-02
-2.388999999999999790e+00
